Epoch        Loss    Accuracy    Val Loss     Val Acc            LR
---------------------------------------------------------------------------
    1    1.372539    0.522475    0.600875    0.461425    0.00050000
    2    0.925433    0.694155    0.392450    0.834888    0.00050000
    3    0.524790    0.826613    0.301428    0.915339    0.00050000
    4    0.392328    0.881994    0.286400    0.919663    0.00050000
    5    0.344846    0.901529    0.259410    0.926036    0.00050000
    6    0.309472    0.915070    0.249513    0.928311    0.00050000
    7    0.296446    0.918636    0.251017    0.929222    0.00050000
    8    0.276156    0.925502    0.237934    0.930473    0.00050000
    9    0.260087    0.928233    0.226961    0.931953    0.00050000
   10    0.190717    0.945871    0.116302    0.971552    0.00050000
   11    0.149326    0.962789    0.108100    0.977811    0.00050000
   12    0.124123    0.972499    0.095824    0.975535    0.00050000
   13    0.099823    0.978531    0.066411    0.984980    0.00050000
   14    0.081782    0.981186    0.059082    0.987711    0.00050000
   15    0.076207    0.983765    0.055752    0.988166    0.00050000
   16    0.060501    0.987824    0.049585    0.989986    0.00050000
   17    0.053104    0.989303    0.048619    0.990214    0.00050000
   18    0.044854    0.992110    0.042733    0.992148    0.00050000
   19    0.043510    0.991996    0.040896    0.992604    0.00050000
   20    0.040923    0.992945    0.039069    0.993059    0.00050000
   21    0.042563    0.992641    0.034904    0.993173    0.00050000
   22    0.036315    0.994007    0.035112    0.993514    0.00050000
   23    0.034367    0.994196    0.034164    0.993628    0.00050000
   24    0.034296    0.994234    0.033347    0.994424    0.00050000
   25    0.032622    0.994727    0.037152    0.994197    0.00050000
   26    0.039704    0.992452    0.033350    0.993969    0.00050000
   27    0.031043    0.995107    0.033558    0.994538    0.00050000
   28    0.025659    0.996169    0.037028    0.993969    0.00025000
   29    0.024323    0.996055    0.035848    0.993628    0.00025000
   30    0.025661    0.995903    0.031050    0.994766    0.00025000
   31    0.024482    0.996396    0.031466    0.994538    0.00025000
   32    0.025094    0.996207    0.030731    0.994424    0.00025000
   33    0.023187    0.996321    0.031102    0.994310    0.00025000
   34    0.024980    0.995979    0.029357    0.994424    0.00025000
   35    0.022419    0.996396    0.033038    0.994083    0.00025000
   36    0.022029    0.996738    0.033212    0.994197    0.00025000
   37    0.023968    0.996131    0.029236    0.994197    0.00025000
   38    0.023248    0.996245    0.030369    0.995221    0.00025000
   39    0.022730    0.996359    0.028832    0.995107    0.00025000
   40    0.019319    0.997003    0.026675    0.994993    0.00025000
   41    0.020640    0.996662    0.028572    0.994879    0.00025000
   42    0.020735    0.996776    0.030846    0.993514    0.00025000
   43    0.021295    0.996359    0.028816    0.994652    0.00025000
   44    0.018831    0.997459    0.028677    0.995335    0.00012500
   45    0.018941    0.997117    0.030253    0.994879    0.00012500
   46    0.017138    0.997610    0.030030    0.994993    0.00012500
   47    0.016685    0.997459    0.029149    0.995107    0.00006250
